{
 "cells": [
  {
   "cell_type": "code",
   "execution_count": 1,
   "metadata": {
    "collapsed": false
   },
   "outputs": [
    {
     "data": {
      "text/plain": [
       "array([[[0, 0],\n",
       "        [0, 1],\n",
       "        [0, 2]],\n",
       "\n",
       "       [[1, 2],\n",
       "        [1, 3],\n",
       "        [1, 4]],\n",
       "\n",
       "       [[2, 4],\n",
       "        [2, 5],\n",
       "        [2, 6]]])"
      ]
     },
     "execution_count": 1,
     "metadata": {},
     "output_type": "execute_result"
    }
   ],
   "source": [
    "import numpy as np\n",
    "# create a multidimensional array from a function of the indices\n",
    "def indexFunc(i,j,k):\n",
    "    return k*(i+j)+i\n",
    "M = np.fromfunction(indexFunc, shape=(3,3,2), dtype=int)\n",
    "M"
   ]
  },
  {
   "cell_type": "code",
   "execution_count": 2,
   "metadata": {
    "collapsed": false
   },
   "outputs": [
    {
     "data": {
      "text/plain": [
       "array([[0],\n",
       "       [1],\n",
       "       [2]])"
      ]
     },
     "execution_count": 2,
     "metadata": {},
     "output_type": "execute_result"
    }
   ],
   "source": [
    "# array slicing\n",
    "M[0,:,1:]"
   ]
  },
  {
   "cell_type": "code",
   "execution_count": 3,
   "metadata": {
    "collapsed": false
   },
   "outputs": [
    {
     "data": {
      "text/plain": [
       "array([[ 0.96480348,  0.57255811,  0.00281168],\n",
       "       [ 0.23962651,  0.30004438,  0.16600863],\n",
       "       [ 0.81472991,  0.56607295,  0.91356706]])"
      ]
     },
     "execution_count": 3,
     "metadata": {},
     "output_type": "execute_result"
    }
   ],
   "source": [
    "# create a random 3x3 matrix\n",
    "A = np.random.rand(3,3)\n",
    "A"
   ]
  },
  {
   "cell_type": "code",
   "execution_count": 8,
   "metadata": {
    "collapsed": false
   },
   "outputs": [
    {
     "data": {
      "text/plain": [
       "array([[ 1.43433403, -4.15223832,  0.75010861],\n",
       "       [-0.66615854,  6.99994906, -1.26994394],\n",
       "       [-0.86638468, -0.63435853,  1.21254918]])"
      ]
     },
     "execution_count": 8,
     "metadata": {},
     "output_type": "execute_result"
    }
   ],
   "source": [
    "# invert\n",
    "B = np.linalg.inv(A)\n",
    "B"
   ]
  },
  {
   "cell_type": "code",
   "execution_count": 9,
   "metadata": {
    "collapsed": false
   },
   "outputs": [
    {
     "data": {
      "text/plain": [
       "array([[  1.00000000e+00,   1.73038667e-16,  -1.11022302e-16],\n",
       "       [ -5.55111512e-17,   1.00000000e+00,  -2.77555756e-17],\n",
       "       [  0.00000000e+00,  -2.22044605e-16,   1.00000000e+00]])"
      ]
     },
     "execution_count": 9,
     "metadata": {},
     "output_type": "execute_result"
    }
   ],
   "source": [
    "# matrix multiplication\n",
    "A.dot(B)"
   ]
  },
  {
   "cell_type": "code",
   "execution_count": 6,
   "metadata": {
    "collapsed": false
   },
   "outputs": [
    {
     "data": {
      "text/plain": [
       "array([ -3.60822483e-16,   2.77555756e-17,  -4.16333634e-16])"
      ]
     },
     "execution_count": 6,
     "metadata": {},
     "output_type": "execute_result"
    }
   ],
   "source": [
    "# (A - I\\lambda)v = 0\n",
    "eigenvalues, eigenvectors = np.linalg.eig(A)\n",
    "(A - np.identity(3)*eigenvalues[0]).dot(eigenvectors[:,0])"
   ]
  },
  {
   "cell_type": "code",
   "execution_count": null,
   "metadata": {
    "collapsed": true
   },
   "outputs": [],
   "source": []
  }
 ],
 "metadata": {
  "kernelspec": {
   "display_name": "Python 3",
   "language": "python",
   "name": "python3"
  },
  "language_info": {
   "codemirror_mode": {
    "name": "ipython",
    "version": 3
   },
   "file_extension": ".py",
   "mimetype": "text/x-python",
   "name": "python",
   "nbconvert_exporter": "python",
   "pygments_lexer": "ipython3",
   "version": "3.5.1"
  }
 },
 "nbformat": 4,
 "nbformat_minor": 2
}
